#Name		A_V	v_helio(km/s)	explosion	err	l_plat	s2      err s2	plateau	v_CMB err_v_cmb	
SN2004ej	0.189	2723	6	2453223.9	9	96.14	1.07	0.04	20	3045	23	No
SN2004er	0.070	4411	33	2453271.8	2 	120.15	0.40	0.03	59.2	4186	37	SCM
SN2004fb	0.173	6100	28	2453258.6	7 	80	1.24	0.07	20	5918	31	SCM	
SN2004fc	0.069	1831	5	2453293.5	1	106.06	0.82	0.02	20	1560	20	SCM	
SN2004fx	0.282	2673	3	2453303.5	4 	68.40	0.09	0.03	20	2679	3 	SCM	
SN2005J 	0.075	4183	1	2453379.8	7 	94.03	0.96	0.02	56.7	4530	24	SCM	
SN2005K 	0.108	8204	29	2453369.8	8 	80.0	1.67	0.13	20	8514	36	SCM	
SN2005Z		0.076	5766	10	2453396.7	6	78.84	1.83	0.01	20	6088	25	SCM	
SN2005af	0.484	563	3	2453320.8	17 	104	999.9	999.9	20	807	39	SCM	
SN2005an	0.262	3206	31	2453431.8	6 	77.71	1.89	0.05	36.3	3541	39	SCM	
SN2005dk	0.134	4708	25	2453601.5	6 	84.22	1.18	0.07	37.5	4618	26	SCM	
SN2005dn	0.140	2829	17	2453602.6	6 	79.76	1.53	0.02	20	2693	20	SCM	
SN2005dt	0.079	7695	6	2453605.6	9 	112.9	0.71	0.04	20	7362	24	SCM	
SN2005dw	0.062	5269	10	2453603.6	9 	92.59	1.27	0.04	20	4974	23	SCM	
SN2005dx	0.066	8012	31	2453611.8	7 	85.59	1.30	0.05	20	7924	31	SCM	
SN2005dz	0.223	5696	8	2453619.5	4 	81.86	0.43	0.04	37.7	5327	27	SCM	
SN2005es	0.228	11287	49	2453638.7	5	80	1.31	0.05	20	10917	55	SCM	
SN2005gk	0.154	8773	10	2453650.2	5 	80	1.25	0.07	20	8588	30	SCM	
SN2005hd	0.173	8323	10	2453669.78	10	80	1.83	0.13	20	8246	30	No	
SN2005lw	0.135	7710	29	2453716.8	10 	107.23	2.05	0.04	20	8079	39	SCM	
SN2005me	0.070	6726	10	2453717.9	10 	76.9	1.70	0.06	43.6	6533	17	SCM	
SN2006Y 	0.354	10074	10	2453766.5	4 	47.49	1.99	0.12	27.0	10220	30	SCM	
SN2006ai	0.347	4571	10	2453781.6	5	63.26	2.07	0.04	38.12	4637	30	SCM	
SN2006bc	0.562	1363	10	2453815.5	4 	80	-0.58	0.04	20	1476	13	SCM	
SN2006be	0.080	2145	9	2453802.8	9	72.89	0.67	0.02	43.5	2243	11	SCM	
SN2006bl	0.144	9708	49	2453822.7	10 	80	2.61	0.02	20	9837	50	SCM	
SN2006ee	0.167	4620	19	2453961.9	4	85.17	0.27	0.02	20	4343	27	SCM	
SN2006it	0.273	4650	9	2454006.5	3 	80	1.19	0.13	20	4353	23	SCM	
SN2006iw	0.137	9226	18	2454010.7	1 	80	1.05	0.03	20	8858	32	No	
SN2006ms	0.095	4543	18	2454028.5	6	80	0.11	0.48	20	4401	21	SCM	
SN2006qr	0.126	4350	5	2454062.8	7 	96.85	1.46	0.02	20	4642	21	SCM	
SN2007P 	0.111	12224	25	2454118.7	5 	88.33	2.36	0.04	20	12570	35	SCM	
SN2007U 	0.145	7791	9	2454133.6	6 	80	1.18	0.01	20	7795	9 	SCM	
SN2007W 	0.141	2902	2	2454130.8	7 	77.29	0.12	0.04	20	3215	22	SCM	
SN2007X 	0.186	2837	6	2454143.5	5 	97.71	1.37	0.03	52.6	3055	16	No	
SN2007aa	0.072	1465	4	2454126.7	8 	67.26	-0.05	0.02	20	1826	26	SCM	
SN2007ab	0.730	7056	13	2454123.9	10 	71.30	3.30	0.08	20	7091	13	SCM	
SN2007av	0.099	1394	3	2454173.8	5 	80	0.97	0.02	20	1742	24	SCM	
SN2007hm	0.172	7540	15	2454336.6	6 	80	1.45	0.04	20	7241	26	SCM	
SN2007il	0.129	6454	10	2454349.8	4 	103.43	0.31	0.02	20	6146	24	SCM
SN2007it	0.316	1193	2	2454348.5	1 	80	1.35	0.05	20	1408	15	SCM
SN2007ld	0.255	8994	20	2454376.5	8 	80	1.12	0.16	20	8694	21	No	
SN2007oc	0.061	1450	5	2454388.5	3 	77.61	1.83	0.01	20	1184	19	SCM	
SN2007od	0.100	1734	3	2454400.6	5 	80	1.55	0.01	20	1377	25	SCM	
SN2007sq	0.567	4579	4	2454422.8	6 	88.34	1.51	0.05	20	4874	21	SCM	
SN2008F 	0.135	5506	21	2454469.6	6 	80	0.45	0.10	20	5305	25	SCM	
SN2008K 	0.107	7997	10	2454475.5	6 	87.1	2.72	0.02	20	8351	27	No	
SN2008M		0.124	2267	4	2454471.7	9	75.34	1.14	0.02	20	2361	8 	SCM	
SN2008W 	0.267	5757	45	2454483.8	8 	83.86	1.11	0.04	20	6041	49	SCM	
SN2008ag	0.229	4439	6	2454477.9	8 	102.95	0.16	0.01	20	4428	6 	SCM	
SN2008aw	0.111	3110	4	2454517.8	10	75.83	2.25	0.03	37.5	3438	23	SCM	
SN2008bh	0.060	4345	8	2454543.5	5 	80	1.20	0.04	20	4639	22	SCM	
SN2008bk	0.054	230	4	2454540.9	8 	104.83	0.11	0.02	20	-50	20	No	
SN2008bp	0.189	2723	6	2454551.7	6 	58.6	3.17	0.18	20	3045	23	No	
SN2008br	0.255	3019	5	2454555.7	9 	80	0.45	0.02	20	3335	23	SCM	
SN2008bu	1.149	6630	9	2454566.8	7 	44.75	2.77	0.14	20	6683	10	SCM	
SN2008ga	1.865	4639	3	2454711.5	7 	72.79	1.17	0.08	20	4584	5 	SCM	
SN2008gi	0.181	7328	34	2454742.7	9 	80	3.13	0.08	20	7103	37	SCM	
SN2008gr	0.039	6831	41	2454769.6	6 	80	2.01	0.01	20	6549	46	SCM	
SN2008hg	0.050	5684	10	2454779.8	5 	80	-0.44	0.01	20	5449	19	SCM	
SN2008ho	0.052	3082	5	2454792.7	5 	80	0.30	0.06	20	2879	15	SCM	
SN2008if	0.09	3440	7	2454807.8	5 	75.9	2.10	0.02	49.8	3769	24	SCM	
SN2008il	0.045	6276	10	2454825.60	3 	80	0.93	0.05	20	6093	16	SCM	
SN2008in	0.061	1566	2	2454825.4	5 	92.2	0.83	0.02	67.2	1913	24	SCM	
SN2009N 	0.057	1036	2	2454846.8	5 	89.50	0.34	0.01	20	1386	25	SCM	
SN2009ao	0.106	3339	5	2454890.7	4 	41.71	-0.01	0.12	20	3665	23	SCM	
SN2009au	0.250	2819	8	2454897.5	4 	80	3.04	0.02	20	3127	23	SCM	
SN2009bu	0.070	3494	9	2454901.9	8 	80	0.18	0.04	20	3372	13	SCM	
SN2009bz	0.110	3231	7	2454915.8	4 	80	0.50	0.02	20	3393	13	No	
