#SN         HostMB  Err     HostMu   Err    HostMg  Err     HostMr  Err     HostMi  Err    HostMz   Err     Logmstellar  Err
SN2004ej    -21.55  0.19    999.9	     999.9    999.9	    999.9     999.9	    999.9     999.9	    999.9    999.9	    999.9     999.9          999.9
SN2004er    -20.35  0.50    -19.09   0.01   -20.09  0.01    -20.68  0.02    -20.88  0.06   -21.01   0.14    10.66        0.17  
SN2004fb    -20.88  0.20    999.9	     999.9    999.9	    999.9     999.9	    999.9     999.9	    999.9    999.9	    999.9     999.9          999.9
SN2004fc    -19.51  0.07    -18.00   0.01   -19.26  0.01    -19.92  0.10    -20.22  0.12   -20.46   0.10    10.45        0.09  
SN2004fx    999.9     999.9     999.9	     999.9    -18.78  0.01    -19.47  0.03    -19.84  0.01   -19.94   0.02    10.13        0.09  
SN2005J     -20.41  0.30    -18.33   0.01   -19.97  0.01    -20.75  0.01    -21.11  0.01   -21.38   0.01    10.47        0.18 
SN2005K     -20.25  0.49    -18.85   0.01   -19.80  0.01    -20.14  0.01    -20.32  0.01   -20.52   0.01    10.05        0.23 
SN2005Z     -20.52  0.40    -19.53   0.01   -20.95  0.01    -21.68  0.01    -22.11  0.01   -22.43   0.01    11.05        0.25 
SN2005af    -20.54  0.20    999.9	     999.9    999.9	    999.9     999.9	    999.9     999.9	    999.9    999.9	    999.9     999.9          999.9
SN2005an    -18.62  0.19    999.9	     999.9    -18.70  0.01    -18.72  0.03    -19.76  0.01   -19.90   0.01    9.87         0.05   
SN2005dk    -19.74  0.20    999.9	     999.9    999.9	    999.9     999.9	    999.9     999.9	    999.9    999.9	    999.9     999.9          999.9
SN2005dn    -21.03  0.11    999.9	     999.9    999.9	    999.9     999.9	    999.9     999.9	    999.9    999.9	    999.9     999.9          999.9
SN2005dt    -20.94  0.23    999.9	     999.9    -20.15  0.01    -20.85  0.05    -21.25  0.01   -21.27   0.03    10.52        0.08  
SN2005dw    -21.12  0.28    999.9	     999.9    -20.69  0.01    -21.25  0.01    -21.52  0.02   -21.69   0.01    10.60        0.07  
SN2005dx    -20.75  0.43    999.9	     999.9    -22.40  0.01    -21.99  0.10    -20.64  0.06   -20.69   0.02    10.99        0.42  
SN2005dz    -19.85  0.32    -18.20   0.01   -19.83  0.01    -20.46  0.01    -20.72  0.01   -20.89   0.01    10.35        0.07  
SN2005es    -21.10  0.41    -19.66   0.02   -21.24  0.02    -21.97  0.02    -22.36  0.01   -22.69   0.00    11.13        0.22 
SN2005gk    999.9  999.9    999.9	     999.9    999.9	    999.9     999.9	    999.9     999.9	    999.9    999.9	    999.9     999.9          999.9
SN2005hd    999.9  999.9    999.9	     999.9    999.9	    999.9     999.9	    999.9     999.9	    999.9    999.9	    999.9     999.9          999.9
SN2005lw    999.9  999.9    999.9	     999.9    999.9	    999.9     999.9	    999.9     999.9	    999.9    999.9	    999.9     999.9          999.9
SN2005me    -21.41  0.12    999.9	     999.9    999.9	    999.9      999.9    999.9     999.9	    999.9    999.9	    999.9     999.9          999.9
SN2006Y     -16.32  0.15    999.9	     999.9    999.9	    999.9     999.9	    999.9     999.9	    999.9    999.9	    999.9     999.9          999.9
SN2006ai    -19.22  0.20    999.9	     999.9    999.9	    999.9     999.9	    999.9     999.9	    999.9    999.9	    999.9     999.9          999.9
SN2006bc    -20.89  0.08    999.9	     999.9    999.9	    999.9     999.9	    999.9     999.9	    999.9    999.9	    999.9     999.9          999.9
SN2006be    -18.62  0.32    -16.52   0.01   -18.13  0.01    -18.93  0.01    -19.38  0.01   -19.85   0.01    10.09        0.20 
SN2006bl    -21.04  0.33    -19.65   0.01   -20.85  0.01    -21.35  0.01    -21.63  0.01   -21.82   0.01    10.67        0.44 
SN2006ee    999.9  999.9    999.9	     999.9    999.9	    999.9     999.9	    999.9     999.9	    999.9    999.9	    999.9     999.9          999.9
SN2006it    -21.10  0.33    999.9	     999.9    -20.91  0.16    -21.74  0.06    -21.61  0.12   -22.11   0.05    10.99        0.39 
SN2006iw    -18.74  0.50    -16.89   0.19   -18.46  0.01    -18.97  0.02    -19.26  0.02   -19.51   0.04    9.73         0.21  
SN2006ms    -21.34  0.09    999.9	     999.9    999.9	    999.9     999.9	    999.9     999.9	    999.9    999.9	    999.9     999.9          999.9
SN2006qr    -20.24  0.50    999.9	     999.9    -19.55  0.02    -20.34  0.01    -20.60  0.01   -20.75   0.01    10.18        0.13 
SN2007P   999.9  999.9    999.9	     999.9    999.9	    999.9     999.9	    999.9     999.9	    999.9    999.9	    999.9     999.9          999.9
SN2007U    999.9  999.9    999.9	     999.9    999.9	    999.9     999.9	    999.9     999.9	    999.9    999.9	    999.9     999.9          999.9
SN2007W     -20.91  0.08    999.9	     999.9    -19.41  0.03    -19.79  0.03    -20.00  0.03   -19.92   0.08    9.76         0.04  
SN2007X     -20.45  0.20    999.9	     999.9    999.9	    999.9     999.9	    999.9     999.9	    999.9    999.9	    999.9     999.9          999.9
SN2007aa    -21.17  0.19    -17.88   0.01   -19.42  0.01    -20.19  0.01    -20.60  0.01   -20.94   0.05    10.30        0.06 
SN2007ab    -21.26  1.25    999.9	     999.9    -20.64  0.01    -21.62  0.06    -22.06  0.06   -22.29   0.07    11.52        0.14 
SN2007av    -20.19  0.28    -17.00   0.01   -18.90  0.01    -19.75  0.10    -20.21  0.10   -20.63   0.10    10.36        0.16 
SN2007hm    -18.50  0.50    -17.05   0.06   -18.55  0.01    -18.97  0.01    -19.18  0.01   -19.34   0.02    9.60         0.16  
SN2007il    -20.87  0.32    -19.15   0.01   -20.42  0.01    -20.94  0.01    -21.18  0.01   -21.35   0.01    10.50        0.12 
SN2007it    -19.59  0.16    999.9	     999.9    999.9	    999.9     999.9	    999.9     999.9	    999.9    999.9	    999.9     999.9          999.9
SN2007ld   999.9  999.9    999.9	     999.9    999.9	    999.9     999.9	    999.9     999.9	    999.9    999.9	    999.9     999.9          999.9
SN2007oc    -19.86  0.27    999.9	     999.9    999.9	    999.9     999.9	    999.9     -21.22  0.08   999.9	    999.9     999.9          999.9
SN2007od   999.9  999.9    999.9	     999.9    999.9	    999.9     999.9	    999.9     999.9	    999.9    999.9	    999.9     999.9          999.9
SN2007sq    -22.22  0.50    999.9	     999.9    -20.10  0.01    -21.17  0.04    -21.62  0.02   -21.94   0.06    11.33        0.14 
SN2008F     -20.33  0.50    -19.25   0.01   -20.89  0.01    -21.61  0.01    -22.00  0.02   -22.27   0.02    10.92        0.16 
SN2008K   999.9  999.9    999.9	     999.9    999.9	    999.9     999.9	    999.9     999.9	    999.9    999.9	    999.9     999.9          999.9
SN2008M     -20.38  0.20    999.9	     999.9    999.9	    999.9     999.9	    999.9     999.9	    999.9    999.9	    999.9     999.9          999.9
SN2008W     -20.60  0.50    999.9	     999.9    -20.67  0.01    -20.30  0.01    -20.90  0.03   -21.02   0.01    9.77         0.11  
SN2008ag    -21.47  0.11    999.9	     999.9    999.9	    999.9     999.9	    999.9     999.9	    999.9    999.9	    999.9     999.9          999.9
SN2008aw    -22.29  0.07    999.9	     999.9    -20.46  0.01    -20.58  0.14    -20.57  0.12   -20.50   0.12    9.68         0.12  
SN2008bh    -20.93  0.11    -18.07   0.01   -20.15  0.01    -20.93  0.01    -21.46  0.01   -21.77   0.01    11.25        0.04 
SN2008bk    -18.49  0.15    999.9	     999.9    999.9	    999.9     999.9	    999.9     999.9	    999.9    999.9	    999.9     999.9          999.9
SN2008bp    -20.18  0.09    999.9	     999.9    -19.28  0.05    -20.23  0.02    -20.53  0.03   -20.52   0.02    10.08        0.05 
SN2008br    -20.86  1.17    999.9	     999.9    999.9	    999.9     999.9	    999.9     999.9	    999.9    999.9	    999.9     999.9          999.9
SN2008bu    -21.60  0.50    999.9	     999.9    999.9	    999.9     999.9	    999.9     999.9	    999.9    999.9	    999.9     999.9          999.9
SN2008ga    999.9     999.9     999.9      999.9    -18.06  0.05    -19.44  0.02    -19.94  0.11   -20.16   0.02    10.72        0.08 
SN2008gi    -20.01  0.63    -19.30   0.01   -20.37  0.01    -20.81  0.01    -21.03  0.02   -21.20   0.01    10.42        0.18 
SN2008gr    -20.55  0.38    999.9	     999.9    -20.08  0.02    -20.45  0.05    -20.82  0.01   -20.85   0.02    10.22        0.08 
SN2008hg   999.9  999.9    999.9	     999.9    999.9	    999.9     999.9	    999.9     999.9	    999.9    999.9	    999.9     999.9          999.9
SN2008ho    -20.81  0.09    999.9	     999.9    -20.40  0.06    -20.53  0.03    -20.68  0.04   -20.67   0.04    10.00        0.05 
SN2008if    -20.48  0.44    999.9	     999.9    -20.65  0.13    -20.65  0.16    -20.57  0.12   -20.86   0.05    9.66         0.35  
SN2008il    -20.60  1.03    999.9	     999.9    999.9	    999.9     999.9     999.9	    999.9	    999.9    999.9	    999.9     999.9          999.9
SN2008in    -20.36  0.06    -16.57   0.01   -18.10  0.01    -18.98  0.01    -19.44  0.01   -19.72   0.01    10.60        0.05 
SN2009N     -20.28  0.30    999.9	     999.9    -18.92  0.04    -19.37  0.04    -19.49  0.06   -19.23   0.14    9.33         0.09  
SN2009ao    -20.67  0.39    -18.14   0.01   -19.77  0.01    -20.52  0.01    -20.94  0.01   -21.31   0.01    10.52        0.26 
SN2009au    -20.08  0.19    999.9	     999.9    -18.22  0.02    -19.17  0.01    -19.35  0.06   -19.55   0.02    10.09        0.11 
SN2009bu    -20.83  0.23    999.9	     999.9    999.9	    999.9     999.9	    999.9     999.9     999.9    999.9      999.9     999.9	         999.9	  
SN2009bz    -19.35  0.34    -17.69   0.01   -18.51  0.01    -18.89  0.14    -19.00  0.01   -19.05   0.02    9.46         0.12  
